[1] -2  7  0 12  3  6
[1] -3  6  2  4 -1  5
 [1]  1  2  3  4  5  6  7  8  9 10 11 12 13 14 15 16 17 18 19 20 21 22 23 24 25 26 27 28 29 30
 [1]  1  2  3  4  5  6  7  8  9 10 11 12 13 14 15 16 17 18 19 20 21 22 23 24 25 26 27 28 29 30
[1]  0  5 10 15 20 25 30
 [1] 3 3 3 3 3 3 3 3 3 3
[1] "orange" "banane" "poire"  "pomme" 
[1]  6 42  0 48 -3 30
[1]  0.6666667  1.1666667  0.0000000  3.0000000 -3.0000000  1.2000000
     [,1]
[1,]  123
[1] FALSE FALSE  TRUE FALSE FALSE FALSE
[1] 26
[1] 0
[1] TRUE
[1] 0
[1] FALSE
 [1] "X1"  "Y2"  "X3"  "Y4"  "X5"  "Y6"  "X7"  "Y8"  "X9"  "Y10"
[1] 6
, , 1

     [,1] [,2] [,3] [,4] [,5]
[1,]    1    4    7   10   13
[2,]    2    5    8   11   14
[3,]    3    6    9   12   15

, , 2

     [,1] [,2] [,3] [,4] [,5]
[1,]   16   19   22   25   28
[2,]   17   20   23   26   29
[3,]   18   21   24   27   30

, , 3

     [,1] [,2] [,3] [,4] [,5]
[1,]   31   34   37   40   43
[2,]   32   35   38   41   44
[3,]   33   36   39   42   45

, , 4

     [,1] [,2] [,3] [,4] [,5]
[1,]   46   49   52   55   58
[2,]   47   50   53   56   59
[3,]   48   51   54   57   60

, , 5

     [,1] [,2] [,3] [,4] [,5]
[1,]   61   64   67   70   73
[2,]   62   65   68   71   74
[3,]   63   66   69   72   75

, , 6

     [,1] [,2] [,3] [,4] [,5]
[1,]   76   79   82   85   88
[2,]   77   80   83   86   89
[3,]   78   81   84   87   90

, , 7

     [,1] [,2] [,3] [,4] [,5]
[1,]   91   94   97  100  103
[2,]   92   95   98  101  104
[3,]   93   96   99  102  105

, , 8

     [,1] [,2] [,3] [,4] [,5]
[1,]  106  109  112  115  118
[2,]  107  110  113  116  119
[3,]  108  111  114  117  120

, , 9

     [,1] [,2] [,3] [,4] [,5]
[1,]  121  124  127  130  133
[2,]  122  125  128  131  134
[3,]  123  126  129  132  135

, , 10

     [,1] [,2] [,3] [,4] [,5]
[1,]  136  139  142  145  148
[2,]  137  140  143  146  149
[3,]  138  141  144  147  150

     [,1] [,2] [,3] [,4] [,5] [,6] [,7] [,8] [,9] [,10]
[1,]    3   18   33   48   63   78   93  108  123   138
[2,]    6   21   36   51   66   81   96  111  126   141
[3,]    9   24   39   54   69   84   99  114  129   144
[4,]   12   27   42   57   72   87  102  117  132   147
[5,]   15   30   45   60   75   90  105  120  135   150
     [,1] [,2] [,3] [,4] [,5]
[1,]    1    5    9   13   17
[2,]    2    6   10   14   18
[3,]    3    7   11   15   19
[4,]    4    8   12   16   20
     [,1] [,2] [,3] [,4]
[1,]    5   30   55   80
[2,]   10   35   60   85
[3,]   15   40   65   90
[4,]   20   45   70   95
[5,]   25   50   75  100
