[1] -2  7  0 12  3  6
[1] -3  6  2  4 -1  5
 [1]  1  2  3  4  5  6  7  8  9 10 11 12 13 14 15 16 17 18 19 20 21 22 23 24 25
[26] 26 27 28 29 30
 [1]  1  2  3  4  5  6  7  8  9 10 11 12 13 14 15 16 17 18 19 20 21 22 23 24 25
[26] 26 27 28 29 30
[1]  0  5 10 15 20 25 30
 [1] 3 3 3 3 3 3 3 3 3 3
[1] "orange" "banane" "poire"  "pomme" 
[1]  6 42  0 48 -3 30
[1]  0.6666667  1.1666667  0.0000000  3.0000000 -3.0000000  1.2000000
     [,1]
[1,]  123
[1] FALSE FALSE  TRUE FALSE FALSE FALSE
[1] 26
[1] 0
[1] TRUE
[1] 0
[1] FALSE
 [1] "X1"  "Y2"  "X3"  "Y4"  "X5"  "Y6"  "X7"  "Y8"  "X9"  "Y10"
[1] 6
, , 1

     [,1] [,2] [,3] [,4] [,5]
[1,]    1    4    7   10   13
[2,]    2    5    8   11   14
[3,]    3    6    9   12   15

, , 2

     [,1] [,2] [,3] [,4] [,5]
[1,]   16   19   22   25   28
[2,]   17   20   23   26   29
[3,]   18   21   24   27   30

, , 3

     [,1] [,2] [,3] [,4] [,5]
[1,]   31   34   37   40   43
[2,]   32   35   38   41   44
[3,]   33   36   39   42   45

, , 4

     [,1] [,2] [,3] [,4] [,5]
[1,]   46   49   52   55   58
[2,]   47   50   53   56   59
[3,]   48   51   54   57   60

, , 5

     [,1] [,2] [,3] [,4] [,5]
[1,]   61   64   67   70   73
[2,]   62   65   68   71   74
[3,]   63   66   69   72   75

, , 6

     [,1] [,2] [,3] [,4] [,5]
[1,]   76   79   82   85   88
[2,]   77   80   83   86   89
[3,]   78   81   84   87   90

, , 7

     [,1] [,2] [,3] [,4] [,5]
[1,]   91   94   97  100  103
[2,]   92   95   98  101  104
[3,]   93   96   99  102  105

, , 8

     [,1] [,2] [,3] [,4] [,5]
[1,]  106  109  112  115  118
[2,]  107  110  113  116  119
[3,]  108  111  114  117  120

, , 9

     [,1] [,2] [,3] [,4] [,5]
[1,]  121  124  127  130  133
[2,]  122  125  128  131  134
[3,]  123  126  129  132  135

, , 10

     [,1] [,2] [,3] [,4] [,5]
[1,]  136  139  142  145  148
[2,]  137  140  143  146  149
[3,]  138  141  144  147  150

[1] "--------------------------------------------------------"
     [,1] [,2] [,3] [,4] [,5] [,6] [,7] [,8] [,9] [,10]
[1,]    1   16   31   46   61   76   91  106  121   136
[2,]    4   19   34   49   64   79   94  109  124   139
[3,]    7   22   37   52   67   82   97  112  127   142
[4,]   10   25   40   55   70   85  100  115  130   145
[5,]   13   28   43   58   73   88  103  118  133   148
     [,1] [,2] [,3] [,4] [,5] [,6] [,7] [,8] [,9] [,10]
[1,]    4   19   34   49   64   79   94  109  124   139
[2,]    5   20   35   50   65   80   95  110  125   140
[3,]    6   21   36   51   66   81   96  111  126   141
     [,1] [,2] [,3] [,4] [,5]
[1,]   91   94   97  100  103
[2,]   92   95   98  101  104
[3,]   93   96   99  102  105
 [1]  12  27  42  57  72  87 102 117 132 147
[1] 113
     [,1] [,2] [,3] [,4] [,5] [,6]
[1,]    1    6   11   16   21   26
[2,]    2    7   12   17   22   27
[3,]    3    8   13   18   23   28
[4,]    4    9   14   19   24   29
[5,]    5   10   15   20   25   30
     [,1] [,2] [,3]
[1,]    1    3    2
[2,]    2    3    1
     [,1] [,2]
[1,]    0    0
[2,]    0    0
[3,]    0    0
[4,]    0    0
     [,1] [,2] [,3] [,4] [,5]
[1,]    1    2    3    4    5
[2,]    6    7    8    9   10
[3,]   11   12   13   14   15
[4,]   16   17   18   19   20
[5,]   21   22   23   24   25
[6,]   26   27   28   29   30
[1] "---------------------Statistique--------------------"
     act      nsw       nt      qld       sa      tas      vic       wa 
47.00000 60.16667 55.50000 53.40000 52.25000 60.50000 53.40000 52.50000 
act nsw  nt qld  sa tas vic  wa 
 94 361 111 267 209 121 267 210 
      act       nsw        nt       qld        sa       tas       vic        wa 
  2.00000  65.36667  40.50000  86.80000  82.25000   0.50000 116.30000  25.66667 
act nsw  nt qld  sa tas vic  wa 
 48  70  60  62  61  61  69  59 
[1] "---------------------Matrice--------------------"
[1] 25
[1] 25
     [,1] [,2] [,3] [,4] [,5]
[1,]    1   11   21   31   41
[2,]    3   13   23   33   43
[3,]    5   15   25   35   45
[4,]    7   17   27   37   47
[5,]    9   19   29   39   49
     [,1] [,2] [,3] [,4] [,5]
[1,]  -60  -35  -10   15   40
[2,]  -55  -30   -5   20   45
[3,]  -50  -25    0   25   50
[4,]  -45  -20    5   30   55
[5,]  -40  -15   10   35   60
     [,1] [,2] [,3] [,4] [,5]
[1,]    1    1    1    1    1
[2,]    2    2    2    2    2
[3,]    3    3    3    3    3
[4,]    4    4    4    4    4
[5,]    5    5    5    5    5
[1] 5
     [,1] [,2] [,3] [,4] [,5]
[1,]  -60 -385 -210  465 1640
[2,] -165 -390 -115  660 1935
[3,] -250 -375    0  875 2250
[4,] -315 -340  135 1110 2585
[5,] -360 -285  290 1365 2940
      [,1]  [,2] [,3] [,4] [,5]
[1,] -4750 -2125  500 3125 5750
[2,] -5250 -2375  500 3375 6250
[3,] -5750 -2625  500 3625 6750
[4,] -6250 -2875  500 3875 7250
[5,] -6750 -3125  500 4125 7750
       [,1]  [,2] [,3] [,4]  [,5]
[1,]  -1150  -525  100  725  1350
[2,]  -3650 -1775  100 1975  3850
[3,]  -6150 -3025  100 3225  6350
[4,]  -8650 -4275  100 4475  8850
[5,] -11150 -5525  100 5725 11350
       [,1]  [,2] [,3] [,4]  [,5]
[1,]  -1150  -525  100  725  1350
[2,]  -3650 -1775  100 1975  3850
[3,]  -6150 -3025  100 3225  6350
[4,]  -8650 -4275  100 4475  8850
[5,] -11150 -5525  100 5725 11350
[1] 0
 [1]  8.657211 12.763807 11.790883 17.936700 42.958977 30.728246 15.659074
 [8] 24.816148 16.988712  1.676670 18.956944 29.514890 45.938656 44.650931
[15] 18.359661  1.262878 20.418729 26.299603 43.827230 19.262914 37.429278
[22]  1.661071 43.421882  6.478830 18.516678
          [,1]     [,2]     [,3]      [,4]      [,5]
[1,]  8.657211 30.72825 18.95694  1.262878 37.429278
[2,] 12.763807 15.65907 29.51489 20.418729  1.661071
[3,] 11.790883 24.81615 45.93866 26.299603 43.421882
[4,] 17.936700 16.98871 44.65093 43.827230  6.478830
[5,] 42.958977  1.67667 18.35966 19.262914 18.516678
[1] -11043654
[1]  8.657211 15.659074 45.938656 43.827230 18.516678
          [,1]     [,2]     [,3]      [,4]      [,5]
[1,]  8.657211 30.72825 18.95694  1.262878 37.429278
[2,] 12.763807 15.65907 29.51489 20.418729  1.661071
[3,] 11.790883 24.81615 45.93866 26.299603 43.421882
[4,] 17.936700 16.98871 44.65093 43.827230  6.478830
[5,] 42.958977  1.67667 18.35966 19.262914 18.516678
             [,1]         [,2]        [,3]         [,4]         [,5]
[1,]  0.005577030  0.023532362 -0.01422581 -0.013433051  0.024675527
[2,]  0.057134408 -0.007978524 -0.04981696  0.036710601 -0.010797961
[3,] -0.052927696  0.102591011  0.05425274 -0.077861483 -0.002196406
[4,]  0.028849283 -0.104058935 -0.03277361  0.092034667 -0.004328186
[5,]  0.004354682 -0.047341466  0.01781671  0.009298271  0.004415909
    Sepal.Length Sepal.Width Petal.Length Petal.Width    Species
1            5.1         3.5          1.4         0.2     setosa
2            4.9         3.0          1.4         0.2     setosa
3            4.7         3.2          1.3         0.2     setosa
4            4.6         3.1          1.5         0.2     setosa
5            5.0         3.6          1.4         0.2     setosa
6            5.4         3.9          1.7         0.4     setosa
7            4.6         3.4          1.4         0.3     setosa
8            5.0         3.4          1.5         0.2     setosa
9            4.4         2.9          1.4         0.2     setosa
10           4.9         3.1          1.5         0.1     setosa
11           5.4         3.7          1.5         0.2     setosa
12           4.8         3.4          1.6         0.2     setosa
13           4.8         3.0          1.4         0.1     setosa
14           4.3         3.0          1.1         0.1     setosa
15           5.8         4.0          1.2         0.2     setosa
16           5.7         4.4          1.5         0.4     setosa
17           5.4         3.9          1.3         0.4     setosa
18           5.1         3.5          1.4         0.3     setosa
19           5.7         3.8          1.7         0.3     setosa
20           5.1         3.8          1.5         0.3     setosa
21           5.4         3.4          1.7         0.2     setosa
22           5.1         3.7          1.5         0.4     setosa
23           4.6         3.6          1.0         0.2     setosa
24           5.1         3.3          1.7         0.5     setosa
25           4.8         3.4          1.9         0.2     setosa
26           5.0         3.0          1.6         0.2     setosa
27           5.0         3.4          1.6         0.4     setosa
28           5.2         3.5          1.5         0.2     setosa
29           5.2         3.4          1.4         0.2     setosa
30           4.7         3.2          1.6         0.2     setosa
31           4.8         3.1          1.6         0.2     setosa
32           5.4         3.4          1.5         0.4     setosa
33           5.2         4.1          1.5         0.1     setosa
34           5.5         4.2          1.4         0.2     setosa
35           4.9         3.1          1.5         0.2     setosa
36           5.0         3.2          1.2         0.2     setosa
37           5.5         3.5          1.3         0.2     setosa
38           4.9         3.6          1.4         0.1     setosa
39           4.4         3.0          1.3         0.2     setosa
40           5.1         3.4          1.5         0.2     setosa
41           5.0         3.5          1.3         0.3     setosa
42           4.5         2.3          1.3         0.3     setosa
43           4.4         3.2          1.3         0.2     setosa
44           5.0         3.5          1.6         0.6     setosa
45           5.1         3.8          1.9         0.4     setosa
46           4.8         3.0          1.4         0.3     setosa
47           5.1         3.8          1.6         0.2     setosa
48           4.6         3.2          1.4         0.2     setosa
49           5.3         3.7          1.5         0.2     setosa
50           5.0         3.3          1.4         0.2     setosa
51           7.0         3.2          4.7         1.4 versicolor
52           6.4         3.2          4.5         1.5 versicolor
53           6.9         3.1          4.9         1.5 versicolor
54           5.5         2.3          4.0         1.3 versicolor
55           6.5         2.8          4.6         1.5 versicolor
56           5.7         2.8          4.5         1.3 versicolor
57           6.3         3.3          4.7         1.6 versicolor
58           4.9         2.4          3.3         1.0 versicolor
59           6.6         2.9          4.6         1.3 versicolor
60           5.2         2.7          3.9         1.4 versicolor
61           5.0         2.0          3.5         1.0 versicolor
62           5.9         3.0          4.2         1.5 versicolor
63           6.0         2.2          4.0         1.0 versicolor
64           6.1         2.9          4.7         1.4 versicolor
65           5.6         2.9          3.6         1.3 versicolor
66           6.7         3.1          4.4         1.4 versicolor
67           5.6         3.0          4.5         1.5 versicolor
68           5.8         2.7          4.1         1.0 versicolor
69           6.2         2.2          4.5         1.5 versicolor
70           5.6         2.5          3.9         1.1 versicolor
71           5.9         3.2          4.8         1.8 versicolor
72           6.1         2.8          4.0         1.3 versicolor
73           6.3         2.5          4.9         1.5 versicolor
74           6.1         2.8          4.7         1.2 versicolor
75           6.4         2.9          4.3         1.3 versicolor
76           6.6         3.0          4.4         1.4 versicolor
77           6.8         2.8          4.8         1.4 versicolor
78           6.7         3.0          5.0         1.7 versicolor
79           6.0         2.9          4.5         1.5 versicolor
80           5.7         2.6          3.5         1.0 versicolor
81           5.5         2.4          3.8         1.1 versicolor
82           5.5         2.4          3.7         1.0 versicolor
83           5.8         2.7          3.9         1.2 versicolor
84           6.0         2.7          5.1         1.6 versicolor
85           5.4         3.0          4.5         1.5 versicolor
86           6.0         3.4          4.5         1.6 versicolor
87           6.7         3.1          4.7         1.5 versicolor
88           6.3         2.3          4.4         1.3 versicolor
89           5.6         3.0          4.1         1.3 versicolor
90           5.5         2.5          4.0         1.3 versicolor
91           5.5         2.6          4.4         1.2 versicolor
92           6.1         3.0          4.6         1.4 versicolor
93           5.8         2.6          4.0         1.2 versicolor
94           5.0         2.3          3.3         1.0 versicolor
95           5.6         2.7          4.2         1.3 versicolor
96           5.7         3.0          4.2         1.2 versicolor
97           5.7         2.9          4.2         1.3 versicolor
98           6.2         2.9          4.3         1.3 versicolor
99           5.1         2.5          3.0         1.1 versicolor
100          5.7         2.8          4.1         1.3 versicolor
101          6.3         3.3          6.0         2.5  virginica
102          5.8         2.7          5.1         1.9  virginica
103          7.1         3.0          5.9         2.1  virginica
104          6.3         2.9          5.6         1.8  virginica
105          6.5         3.0          5.8         2.2  virginica
106          7.6         3.0          6.6         2.1  virginica
107          4.9         2.5          4.5         1.7  virginica
108          7.3         2.9          6.3         1.8  virginica
109          6.7         2.5          5.8         1.8  virginica
110          7.2         3.6          6.1         2.5  virginica
111          6.5         3.2          5.1         2.0  virginica
112          6.4         2.7          5.3         1.9  virginica
113          6.8         3.0          5.5         2.1  virginica
114          5.7         2.5          5.0         2.0  virginica
115          5.8         2.8          5.1         2.4  virginica
116          6.4         3.2          5.3         2.3  virginica
117          6.5         3.0          5.5         1.8  virginica
118          7.7         3.8          6.7         2.2  virginica
119          7.7         2.6          6.9         2.3  virginica
120          6.0         2.2          5.0         1.5  virginica
121          6.9         3.2          5.7         2.3  virginica
122          5.6         2.8          4.9         2.0  virginica
123          7.7         2.8          6.7         2.0  virginica
124          6.3         2.7          4.9         1.8  virginica
125          6.7         3.3          5.7         2.1  virginica
126          7.2         3.2          6.0         1.8  virginica
127          6.2         2.8          4.8         1.8  virginica
128          6.1         3.0          4.9         1.8  virginica
129          6.4         2.8          5.6         2.1  virginica
130          7.2         3.0          5.8         1.6  virginica
131          7.4         2.8          6.1         1.9  virginica
132          7.9         3.8          6.4         2.0  virginica
133          6.4         2.8          5.6         2.2  virginica
134          6.3         2.8          5.1         1.5  virginica
135          6.1         2.6          5.6         1.4  virginica
136          7.7         3.0          6.1         2.3  virginica
137          6.3         3.4          5.6         2.4  virginica
138          6.4         3.1          5.5         1.8  virginica
139          6.0         3.0          4.8         1.8  virginica
140          6.9         3.1          5.4         2.1  virginica
141          6.7         3.1          5.6         2.4  virginica
142          6.9         3.1          5.1         2.3  virginica
143          5.8         2.7          5.1         1.9  virginica
144          6.8         3.2          5.9         2.3  virginica
145          6.7         3.3          5.7         2.5  virginica
146          6.7         3.0          5.2         2.3  virginica
147          6.3         2.5          5.0         1.9  virginica
148          6.5         3.0          5.2         2.0  virginica
149          6.2         3.4          5.4         2.3  virginica
150          5.9         3.0          5.1         1.8  virginica
[1] 5.843333
[1] 0.6856935
[1] 4.3
[1] 7.9
 [1] 4.3 4.4 4.5 4.6 4.7 4.8 4.9 5.0 5.1 5.2 5.3 5.4 5.5 5.6 5.7 5.8 5.9 6.0 6.1
[20] 6.2 6.3 6.4 6.5 6.6 6.7 6.8 6.9 7.0 7.1 7.2 7.3 7.4 7.5 7.6 7.7 7.8 7.9
 [1] -1.86378030 -1.74301699 -1.62225369 -1.50149039 -1.38072709 -1.25996379
 [7] -1.13920048 -1.01843718 -0.89767388 -0.77691058 -0.65614727 -0.53538397
[13] -0.41462067 -0.29385737 -0.17309407 -0.05233076  0.06843254  0.18919584
[19]  0.30995914  0.43072244  0.55148575  0.67224905  0.79301235  0.91377565
[25]  1.03453895  1.15530226  1.27606556  1.39682886  1.51759216  1.63835547
[31]  1.75911877  1.87988207  2.00064537  2.12140867  2.24217198  2.36293528
[37]  2.48369858
 [1] 0.03117628 0.04066532 0.05237452 0.06661439 0.08368144 0.10384121
 [7] 0.12730977 0.15423512 0.18467972 0.21860577 0.25586468 0.29619219
[13] 0.33920981 0.38443345 0.43128874 0.47913257 0.52727934 0.57503034
[19] 0.62170399 0.66666490 0.70934963 0.74928742 0.78611469 0.81958263
[25] 0.84955786 0.87601666 0.89903383 0.91876748 0.93544138 0.94932622
[31] 0.96072133 0.96993792 0.97728469 0.98305629 0.98752487 0.99093458
[37] 0.99349871
[1] 3.758
[1] 3.116278
[1] 1
[1] 6.9
 [1] 1.0 1.1 1.2 1.3 1.4 1.5 1.6 1.7 1.8 1.9 2.0 2.1 2.2 2.3 2.4 2.5 2.6 2.7 2.8
[20] 2.9 3.0 3.1 3.2 3.3 3.4 3.5 3.6 3.7 3.8 3.9 4.0 4.1 4.2 4.3 4.4 4.5 4.6 4.7
[39] 4.8 4.9 5.0 5.1 5.2 5.3 5.4 5.5 5.6 5.7 5.8 5.9 6.0 6.1 6.2 6.3 6.4 6.5 6.6
[58] 6.7 6.8 6.9
 [1] -1.56234224 -1.50569459 -1.44904694 -1.39239929 -1.33575163 -1.27910398
 [7] -1.22245633 -1.16580868 -1.10916103 -1.05251337 -0.99586572 -0.93921807
[13] -0.88257042 -0.82592277 -0.76927511 -0.71262746 -0.65597981 -0.59933216
[19] -0.54268451 -0.48603685 -0.42938920 -0.37274155 -0.31609390 -0.25944625
[25] -0.20279859 -0.14615094 -0.08950329 -0.03285564  0.02379201  0.08043967
[31]  0.13708732  0.19373497  0.25038262  0.30703027  0.36367793  0.42032558
[37]  0.47697323  0.53362088  0.59026853  0.64691619  0.70356384  0.76021149
[43]  0.81685914  0.87350679  0.93015445  0.98680210  1.04344975  1.10009740
[49]  1.15674505  1.21339271  1.27004036  1.32668801  1.38333566  1.43998331
[55]  1.49663097  1.55327862  1.60992627  1.66657392  1.72322157  1.77986923
 [1] 0.05910369 0.06607280 0.07366224 0.08190076 0.09081523 0.10043022
 [7] 0.11076755 0.12184590 0.13368036 0.14628204 0.15965770 0.17380940
[13] 0.18873421 0.20442395 0.22086500 0.23803816 0.25591856 0.27447570
[19] 0.29367352 0.31347052 0.33382001 0.35467040 0.37596562 0.39764548
[25] 0.41964623 0.44190112 0.46434097 0.48689485 0.50949074 0.53205621
[31] 0.55451911 0.57680830 0.59885427 0.62058984 0.64195074 0.66287619
[37] 0.68330941 0.70319807 0.72249468 0.74115691 0.75914778 0.77643591
[43] 0.79299554 0.80880655 0.82385444 0.83813017 0.85162998 0.86435516
[49] 0.87631173 0.88751014 0.89796487 0.90769405 0.91671902 0.92506394
[55] 0.93275535 0.93982171 0.94629302 0.95220042 0.95757577 0.96245132
